2, 0.0825
3, 0.275
4, 0.40725
5, 0.4904
6, 0.512166666667
7, 0.558428571429
8, 0.605625
9, 0.558111111111
10, 0.5488
11, 0.573
12, 0.572333333333
13, 0.604076923077
14, 0.611357142857
15, 0.629733333333
16, 0.6530625
17, 0.648411764706
18, 0.639777777778
19, 0.642157894737
20, 0.64915
21, 0.659523809524
22, 0.660318181818
23, 0.671869565217
24, 0.681166666667
25, 0.66824
26, 0.666192307692
27, 0.67037037037
28, 0.675535714286
29, 0.682862068966
30, 0.6888
31, 0.695548387097
32, 0.69028125
33, 0.683272727273
34, 0.685470588235
35, 0.690311319675
36, 0.69471315475
37, 0.684507366499
38, 0.684729933777
39, 0.689918223474
40, 0.69320522262
41, 0.689512303562
42, 0.695130920859
43, 0.697847102467
44, 0.703301557023
45, 0.706717793115
46, 0.706416193972
47, 0.707881906826
48, 0.707387552149
49, 0.709822210545
50, 0.706660817386
51, 0.709787808555
52, 0.698342686477
53, 0.702861062696
54, 0.702051376531
55, 0.69744304314
56, 0.697761135802
57, 0.703242651031
58, 0.693661016945
59, 0.697467160505
60, 0.699728363389
61, 0.700412107598
62, 0.701879520227
63, 0.704407793914
64, 0.702024652523
65, 0.700417078541
66, 0.70364397656
67, 0.70439681143
68, 0.702760416667
69, 0.703077456116
70, 0.70602989353
71, 0.709240232527
72, 0.710600921158
73, 0.706178017442
74, 0.706372237925
75, 0.708446027894
76, 0.706902168465
77, 0.707919758976
78, 0.710753830131
79, 0.710384610958
80, 0.712582795183
81, 0.715759098547
82, 0.715989603384
83, 0.717333805426
84, 0.719400921659
85, 0.71990478927
86, 0.720744036808
87, 0.720931933045
88, 0.725660918892
89, 0.725945229128
90, 0.727340916248
91, 0.728901016917
92, 0.729883572115
93, 0.729940307495
94, 0.731948424069
95, 0.728856996412
96, 0.731367025718
97, 0.728423176312
98, 0.728655484131
99, 0.731268465839
100, 0.731290582976
101, 0.732520892179
102, 0.735251097026
103, 0.736212884797
104, 0.737789580442
105, 0.73815053215
106, 0.739666053116
107, 0.737886203407
108, 0.737263217736
109, 0.739660056657
110, 0.743376121671
111, 0.744519337666
112, 0.7428279472
113, 0.741510534122